                hindex  productivity       TNC       ANC       UNT      NUNT  diversity  persistence
hindex        1.000000      0.632979  0.953932  0.782452  0.201201 -0.373679   0.324236    -0.430254
productivity  0.632979      1.000000  0.657509  0.163260  0.457885 -0.376176   0.415249    -0.737455
TNC           0.953932      0.657509  1.000000  0.811855  0.237690 -0.358535   0.325308    -0.463269
ANC           0.782452      0.163260  0.811855  1.000000 -0.051565 -0.202895   0.137581    -0.059224
UNT           0.201201      0.457885  0.237690 -0.051565  1.000000  0.580601   0.097209    -0.766746
NUNT         -0.373679     -0.376176 -0.358535 -0.202895  0.580601  1.000000  -0.287939    -0.129099
diversity     0.324236      0.415249  0.325308  0.137581  0.097209 -0.287939   1.000000     0.061635
persistence  -0.430254     -0.737455 -0.463269 -0.059224 -0.766746 -0.129099   0.061635     1.000000